-9
0
-4
-8.45762
0
-4
-7.91524
0
-4
-7.37286
0
-4
-6.83073
0
-3.98711
-6.29105
0
-3.93435
-5.75675
0
-3.84173
-5.23054
0
-3.71074
-4.71475
0
-3.54334
-4.21127
0
-3.34188
-3.72156
0
-3.10891
-3.24665
0
-2.84707
-2.78717
0
-2.559
-2.34341
0
-2.24723
-1.9154
0
-1.91416
-1.50294
0
-1.562
-1.10568
0
-1.19278
-0.723144
0
-0.808307
-0.354782
0
-0.410228
0
0
5.73294e-06
-19.8
0
0
-18.7756
0
-0.242817
-17.7455
0
-0.459869
-16.7102
0
-0.650742
-15.6703
0
-0.815066
-14.6265
0
-0.952514
-13.5796
0
-1.06281
-12.5301
0
-1.14573
-11.4788
0
-1.20111
-10.4264
0
-1.22883
-9.37362
0
-1.22883
-8.32122
0
-1.20111
-7.26992
0
-1.14573
-6.22043
0
-1.06281
-5.17346
0
-0.952514
-4.12971
0
-0.815066
-3.08985
0
-0.650742
-2.05453
0
-0.459869
-1.02438
0
-0.242817
-3.55271e-15
0
0
0
0
-4
0
0
-3.2
0
0
-2.4
0
0
-1.6
0
0
-0.8
0
0
0
0
0
0
0
0
0
0
0
0
0
0
0
0
0
0
0
0
0
0
0
0
0
0
0
0
0
0
0
0
0
0
0
0
0
0
0
0
0
0
0
0
0
0
0
0
0
0
0
0
0
0
0
0
0
0
0
0
0
0
0
0
0
0
0
0
0
0
0
0
0
0
0
0
0
0
0
0
0
0
0
0
0
0
0
0
0
0
0
0
0
0
0
0
0
0
0
0
0
0
0
0
0
0
0
0
0
0
0
0
0
0
0
0
0
0
0
0
0
0
0
0
0
0
0
0
0
0
0
0
0
0
0
0
0
0
0
0
0
