ARMA_MAT_TXT_FN008
554 1
   0.0000000000000000e+00
   0.0000000000000000e+00
  -9.0000000000000002e-01
   0.0000000000000000e+00
   0.0000000000000000e+00
   0.0000000000000000e+00
   2.1511236684698352e+02
  -1.3094905145038851e+02
  -4.8800797851321477e+01
   1.8807837328817376e+02
  -1.1536515332547557e+02
  -4.8799708037287466e+01
   1.5593446830576812e+02
  -9.6835593256365712e+01
  -4.8794450985494024e+01
   1.2892805326873810e+02
  -8.1267629350454570e+01
  -4.7712109133752854e+01
   1.1575283751706715e+02
  -7.3672673514944478e+01
  -4.6019812387169388e+01
   1.0274445790605415e+02
  -6.6173917696663793e+01
  -4.3348657262897120e+01
   7.6649232506179885e+01
  -5.1131136829848330e+01
  -3.5221043457922818e+01
   4.6962576385649157e+01
  -3.4018044522053842e+01
  -2.1081682483936873e+01
   2.3264955966558553e+01
  -2.0357304998501174e+01
  -6.0764148857590712e+00
   5.8423301500526650e+00
  -3.9103364210704189e+02
  -4.8799999462896160e+01
   5.8423301500526650e+00
  -3.9103364210704189e+02
  -4.8799999462896160e+01
   5.8472563851102413e+00
  -3.6903826676898103e+02
  -4.8800009827043752e+01
   5.8472563851102413e+00
  -3.6903826676898103e+02
  -4.8800009827043752e+01
   5.8551347900742039e+00
  -3.4802586729772969e+02
  -4.8800060176768632e+01
   5.8635962319384243e+00
  -3.1402708943614925e+02
  -4.8799961435068887e+01
   5.8690528055338991e+00
  -2.9301468898896292e+02
  -4.8800524675763306e+01
   5.8787796767843785e+00
  -2.7200229061412813e+02
  -4.8799569453401489e+01
   5.8982898134865422e+00
  -2.3800351700157680e+02
  -4.8800379761416444e+01
   5.9102676359759458e+00
  -2.1699112032087817e+02
  -4.8795402069425442e+01
   5.9102676359759458e+00
  -2.1699112032087817e+02
  -4.8795402069425442e+01
   5.9177352065697448e+00
  -1.9885679974438787e+02
  -4.8805671369588694e+01
   5.9288591901128642e+00
  -1.6446653708836899e+02
  -4.8733050449491778e+01
   5.9391583299697226e+00
  -1.3030661508295825e+02
  -4.5082643413050555e+01
   5.9473766642228103e+00
  -1.1262054708117566e+02
  -4.1126772626931853e+01
   5.9556584819145817e+00
  -9.5158059049758393e+01
  -3.6172357973234455e+01
   5.9734571597241333e+00
  -6.3189704231396654e+01
  -2.3574224000638615e+01
   5.9908535004623564e+00
  -3.2801296763371816e+01
  -7.5043751417201578e+00
  -3.4156100611864252e+02
  -1.9045870701640621e+02
  -4.8799988542434058e+01
  -3.4156100611864252e+02
  -1.9045870701640621e+02
  -4.8799988542434058e+01
  -3.2251558360912514e+02
  -1.7945564869616038e+02
  -4.8800019229359883e+01
  -3.2251558360912514e+02
  -1.7945564869616038e+02
  -4.8800019229359883e+01
  -3.0432123322446478e+02
  -1.6894443753305754e+02
  -4.8800057184755545e+01
  -2.7488232977328386e+02
  -1.5193663996255495e+02
  -4.8799960258522312e+01
  -2.5668801061783967e+02
  -1.4142537428218620e+02
  -4.8800483807031121e+01
  -2.3849488424312651e+02
  -1.3091204578177704e+02
  -4.8799580272946194e+01
  -2.0905990472716161e+02
  -1.1389745729780401e+02
  -4.8800345749396939e+01
  -1.9086716463312879e+02
  -1.0338346129193297e+02
  -4.8795502704525710e+01
  -1.9086716463312879e+02
  -1.0338346129193297e+02
  -4.8795502704525710e+01
  -1.7516663890367329e+02
  -9.4308926543811609e+01
  -4.8805580182162551e+01
  -1.4539006738610937e+02
  -7.7102814702605087e+01
  -4.8737171553238376e+01
  -1.1581112159939144e+02
  -6.0010907352124732e+01
  -4.5110160386791385e+01
  -1.0049432425189347e+02
  -5.1161081718523917e+01
  -4.1164741900682095e+01
  -8.5376217904568747e+01
  -4.2425386776717652e+01
  -3.6208399048824845e+01
  -5.7698233318655667e+01
  -2.6428514500611971e+01
  -2.3609231435510747e+01
  -3.1398306204952238e+01
  -1.1227107057576282e+01
  -7.5191736699884526e+00
  -3.4156100620827880e+02
   1.9045870681626576e+02
  -4.8799988535699732e+01
  -3.4156100620827880e+02
   1.9045870681626576e+02
  -4.8799988535699732e+01
  -3.2251558266725829e+02
   1.7945565024416047e+02
  -4.8800019242218148e+01
  -3.2251558266725829e+02
   1.7945565024416047e+02
  -4.8800019242218148e+01
  -3.0432123295661341e+02
   1.6894443787944081e+02
  -4.8800057167130369e+01
  -2.7488232889051937e+02
   1.5193664131722480e+02
  -4.8799960228453479e+01
  -2.5668800991555185e+02
   1.4142537529091638e+02
  -4.8800483744643167e+01
  -2.3849488477681589e+02
   1.3091204461656383e+02
  -4.8799580290107066e+01
  -2.0905990342769152e+02
   1.1389745925349203e+02
  -4.8800345696264770e+01
  -1.9086716833140420e+02
   1.0338345456678620e+02
  -4.8795502717101208e+01
  -1.9086716833140420e+02
   1.0338345456678620e+02
  -4.8795502717101208e+01
  -1.7516663604503000e+02
   9.4308931104905454e+01
  -4.8805580206778977e+01
  -1.4539006831698194e+02
   7.7102812735052893e+01
  -4.8737170971717617e+01
  -1.1581111979767547e+02
   6.0010909439382893e+01
  -4.5110160088126030e+01
  -1.0049432372609662e+02
   5.1161079870609598e+01
  -4.1164747421538834e+01
  -8.5376217686751900e+01
   4.2425385657706840e+01
  -3.6208400625972004e+01
  -5.7698232581305582e+01
   2.6428515867667354e+01
  -2.3609231106700395e+01
  -3.1398304715821983e+01
   1.1227106861868005e+01
  -7.5191757939683752e+00
   5.8474167932220080e+00
   3.9103364247266387e+02
  -4.8800000233354673e+01
   5.8474167932220080e+00
   3.9103364247266387e+02
  -4.8800000233354673e+01
   5.8517418788067523e+00
   3.6903826707388714e+02
  -4.8800009358832980e+01
   5.8517418788067523e+00
   3.6903826707388714e+02
  -4.8800009358832980e+01
   5.8578581355311385e+00
   3.4802586706883312e+02
  -4.8800059901818990e+01
   5.8685160698759526e+00
   3.1402709020642743e+02
  -4.8799960926324076e+01
   5.8683710567238174e+00
   2.9301468798427277e+02
  -4.8800526619417312e+01
   5.8808545278732618e+00
   2.7200229096073701e+02
  -4.8799569926061594e+01
   5.8993972753326451e+00
   2.3800351696281433e+02
  -4.8800380163364942e+01
   5.9113499484491605e+00
   2.1699112030210139e+02
  -4.8795402056345580e+01
   5.9113499484491605e+00
   2.1699112030210139e+02
  -4.8795402056345580e+01
   5.9187529381457482e+00
   1.9885679994904103e+02
  -4.8805671542083992e+01
   5.9302005031813714e+00
   1.6446653802816641e+02
  -4.8733053358750539e+01
   5.9399920720007557e+00
   1.3030661672645857e+02
  -4.5082623150343764e+01
   5.9477594716867666e+00
   1.1262054844037065e+02
  -4.1126774703163576e+01
   5.9556633874446590e+00
   9.5158051472652105e+01
  -3.6172373905834675e+01
   5.9743799498805510e+00
   6.3189706951155053e+01
  -2.3574220847452576e+01
   5.9916945889485858e+00
   3.2801296532786147e+01
  -7.5043754699679264e+00
   2.1511236683696265e+02
   1.3094905145538232e+02
  -4.8800797839492397e+01
   1.8807837326676631e+02
   1.1536515331131203e+02
  -4.8799708047459802e+01
   1.5593446829594362e+02
   9.6835593237323849e+01
  -4.8794450956293112e+01
   1.2892805313417045e+02
   8.1267629267680846e+01
  -4.7712107819864698e+01
   1.1575283708465410e+02
   7.3672673250448966e+01
  -4.6019818549779231e+01
   1.0274445780243084e+02
   6.6173917633436886e+01
  -4.3348657635285967e+01
   7.6649232741840748e+01
   5.1131136952213694e+01
  -3.5221042872469354e+01
   4.6962575741759011e+01
   3.4018044154872271e+01
  -2.1081684104274689e+01
   2.3264956893601660e+01
   2.0357305539460988e+01
  -6.0764133421211808e+00
   0.0000000000000000e+00
   0.0000000000000000e+00
   0.0000000000000000e+00
   0.0000000000000000e+00
   0.0000000000000000e+00
   0.0000000000000000e+00
   0.0000000000000000e+00
  -6.5400135704372748e-06
   3.6694610715497294e-07
  -2.7808795254939367e-05
  -4.5270253826232214e-05
  -6.2638636328823800e-05
  -4.9957979299213888e-05
   4.9110897272158973e-05
   1.6979290530343448e-04
   2.0686898954044952e-06
   9.9310640610638805e-05
  -1.3077687494659793e-04
   1.9748923275579458e-03
   5.3066203276820850e-04
  -2.8160326743632494e-04
   8.7813389402191921e-03
  -4.7294669304450576e-04
   1.7335939821565407e-04
   4.4676381218639494e-04
  -1.7689050136374448e-03
   1.0704384629062001e-03
  -5.3534993920848267e-03
   1.9474950340022851e-04
  -7.5737830649979881e-05
  -1.6732853570707588e-04
   1.0235143592964269e-03
  -5.8299756421209927e-04
   1.8130439418212602e-03
   2.0342070885748550e-03
  -3.3181613577815427e-05
  -3.4675245292416749e-04
   2.0342070885748550e-03
  -3.3181613575178648e-05
  -3.4675245292422561e-04
   6.0270543015791800e-04
  -6.0174584862196098e-05
   5.5338674414970985e-04
   6.0270543015797308e-04
  -6.0174584851760002e-05
   5.5338674414970811e-04
   6.9893794699538809e-04
  -8.5865896290025751e-05
  -6.0548276668145158e-05
  -8.2173502639911410e-04
  -1.2678027376549590e-04
  -1.6652589314818209e-04
  -3.1926257784110285e-03
  -1.5087548052045282e-04
  -1.1356442463302353e-04
   1.9667924696472492e-03
  -1.7788037995203248e-04
   2.4826789129782725e-04
  -7.1155623578369792e-04
  -2.1592109932338938e-04
   4.7082292101411597e-04
   3.5245467255886733e-03
  -2.4186570992842669e-04
   4.1026050286788835e-04
   3.5245467255886733e-03
  -2.4186570984887704e-04
   4.1026050287293532e-04
  -4.0807612768866287e-03
  -2.9905916860232287e-04
   1.8435787848297813e-05
  -3.5388086546208021e-03
  -3.3811326244686060e-04
  -2.0516781118072583e-03
  -8.3482591045834775e-03
  -6.7884662926476300e-04
  -6.7318070794034242e-04
  -4.9550615978164068e-03
  -1.4916206444338664e-03
   2.9950037807981822e-03
  -3.7850106316671341e-03
  -2.5547536803594909e-03
   6.5212197545628063e-03
  -3.2680582795711790e-03
  -1.0536867572715019e-03
   2.7993669132222601e-03
  -1.4894982970503673e-03
   1.2780431425205411e-03
  -1.8895594795310376e-03
  -6.7526030463354550e-04
   1.1897000350477862e-03
  -2.9772152194993296e-04
  -6.7526030461312434e-04
   1.1897000350796912e-03
  -2.9772152195013158e-04
   1.5128006810861613e-04
  -2.2348786686167779e-04
   4.8383056292514344e-04
   1.5128006813094029e-04
  -2.2348786685134577e-04
   4.8383056292505085e-04
  -2.4945095229406008e-03
   4.3732098334017654e-03
  -1.1133195548906523e-05
   2.2610479530791052e-03
  -3.8305152909683536e-03
  -1.6884660930944126e-04
  -1.5191012958429924e-03
   2.7291726987375845e-03
  -2.5242687001358078e-05
   1.7323843347755085e-03
  -2.8805682122404609e-03
   4.7453044789508204e-05
  -9.5952637468023154e-04
   1.8060322032380101e-03
   4.3130429190378421e-04
   1.5330924146588873e-04
  -1.0241216466394820e-04
   1.9902023378576779e-04
   1.5330924142601757e-04
  -1.0241216465141117e-04
   1.9902023378424105e-04
  -1.6030175372390503e-03
   3.0220088973772546e-03
   7.8140872902024880e-06
   3.4486837368608680e-03
  -5.7044634650964465e-03
   1.8014998263006460e-03
   4.7010392947370834e-03
  -7.4217621663466814e-03
   1.3336415636579923e-04
   4.8297326177136370e-03
  -6.6344119295652553e-03
  -1.2864439428881284e-03
   4.9974130167753520e-03
  -4.1648496989394245e-03
  -6.8467512301347419e-03
   2.2041473739056695e-03
  -3.4667452609977011e-03
  -1.7208773596341467e-03
  -1.2493396639433249e-03
  -4.3877132963934928e-03
   4.9922458666664610e-03
  -6.7543984618517131e-04
  -1.1900895367200444e-03
  -2.9758977217150183e-04
  -6.7543984618425538e-04
  -1.1900895366867914e-03
  -2.9758977217115098e-04
   1.5180972234929161e-04
   2.2426122396605803e-04
   4.8376383144346552e-04
   1.5180972234729321e-04
   2.2426122398194113e-04
   4.8376383144374855e-04
  -2.4951506519807097e-03
  -4.3745221026402535e-03
  -1.1091817951715036e-05
   2.2617092138483082e-03
   3.8313615415092386e-03
  -1.6864164815801410e-04
  -1.5224688602153533e-03
  -2.7353515415959291e-03
  -2.5290302242142528e-05
   1.7359713645546018e-03
   2.8863727678807524e-03
   4.7723903303694062e-05
  -9.6380047619811968e-04
  -1.8139137319006025e-03
   4.3083721148955449e-04
   1.7214712109050786e-04
   1.3447156893831358e-04
   1.9879859007289604e-04
   1.7214712106657128e-04
   1.3447156889559081e-04
   1.9879859007464681e-04
  -1.6129514542332489e-03
  -3.0397149043107723e-03
   7.7184784103498840e-06
   3.4541997796972692e-03
   5.7137688157628663e-03
   1.8001096800689849e-03
   4.6971705981915558e-03
   7.4134528367896723e-03
   1.3540944955183363e-04
   4.8355427032855869e-03
   6.6386759649756178e-03
  -1.3034969617515039e-03
   5.0001279315997679e-03
   4.1664306354830391e-03
  -6.8510351804235738e-03
   2.2000494660190033e-03
   3.4655337047282751e-03
  -1.7150056290500335e-03
  -1.2443971449122068e-03
   4.3896597700153984e-03
   4.9873993286032791e-03
   2.0908737322245189e-03
   3.3298335659581536e-05
  -3.3909957452417524e-04
   2.0908737322245050e-03
   3.3298335660249404e-05
  -3.3909957452448570e-04
   1.4004812112648960e-04
   6.0243381809744139e-05
   5.4170623711512992e-04
   1.4004812112708635e-04
   6.0243381823295799e-05
   5.4170623711509176e-04
  -1.6034200755102993e-04
   8.5907567178331214e-05
  -6.3871900258254200e-05
   2.7646452232411292e-04
   1.2797827096435482e-04
  -1.6686611158146469e-04
  -7.9254636586508862e-03
   1.4995502196806889e-04
  -7.9710604263349909e-05
   2.8355374389921546e-03
   1.7946399843276126e-04
   2.3943743981239308e-04
   4.4411133099968823e-04
   2.1790255664510660e-04
   4.6161045971974783e-04
   3.2718380826665763e-03
   2.4326053616322764e-04
   4.0505351190490258e-04
   3.2718380826665763e-03
   2.4326053616489796e-04
   4.0505351190464237e-04
  -4.9050024088359298e-03
   3.0059097777760090e-04
   1.8400758808919707e-05
  -2.1714232561101396e-03
   3.3973069063001417e-04
  -2.0669876532253989e-03
  -6.2116386727716875e-03
   6.8303854236459558e-04
  -6.8317098633114835e-04
  -3.9354487954398861e-03
   1.5024945313907826e-03
   3.0245983870927037e-03
  -4.0721312459210670e-03
   2.5606622819015247e-03
   6.5301588779806130e-03
  -2.6394463015281789e-03
   1.0587044400754671e-03
   2.8048478149710842e-03
  -5.2109558182785300e-04
  -1.2672676090522191e-03
  -1.8739519884620711e-03
  -6.5639061123715020e-06
  -3.8635078415121640e-07
  -2.7775295794389780e-05
  -4.5371118722814589e-05
   6.2561792225409283e-05
  -5.0051702741207943e-05
   4.9032088615213848e-05
  -1.6982569561067097e-04
   1.9965254465509094e-06
   9.8668326284595775e-05
   1.3041895961683891e-04
   1.9833599279755437e-03
   5.2859231031317862e-04
   2.8040669237530463e-04
   8.7520266163579781e-03
  -4.7402008676713375e-04
  -1.7400476043327831e-04
   4.4284796625826493e-04
  -1.7678783614484416e-03
  -1.0698522881187496e-03
  -5.3512870862106529e-03
   1.9183374338087997e-04
   7.4074324270817632e-05
  -1.7470088100705400e-04
   1.0279919032145533e-03
   5.8561012923646558e-04
   1.8204834156860890e-03
   1.1592000000000000e+00
