# This file contains averages of data from fast output file: D:\RRD_ENGINEERING\PROJECTS\WE202105_Beridi\ANALYSIS\OFAST_MODEL\AD_StandAlone\GE70_ADsa_curt.out
# This file was generated by getADsaDATA.py on 2021-07-02 21:55:45.690380

# B1Pitch, 66 entries  - x axis (matrix columns) (deg)
  -1.000   -0.500    0.000    0.500    1.000    1.500    2.000    2.500    3.000    3.500    4.000    4.500    5.000    5.500    6.000    6.500    7.000    7.500    8.000    8.500    9.000    9.500   10.000   10.500   11.000   11.500   12.000   12.500   13.000   13.500   14.000   14.500   15.000   15.500   16.000   16.500   17.000   17.500   18.000   18.500   19.000   19.500   20.000   20.500   21.000   21.500   22.000   22.500   23.000   23.500   24.000   24.500   25.000   25.500   26.000   26.500   27.000   27.500   28.000   28.500   29.000   29.500   30.000   30.500   31.000   31.500   
# TSR, 20 entries  - y axis (matrix columns)  [-] 
   2.500   3.000   3.500   4.000   4.500   5.000   5.500   6.000   6.500   7.000   7.500   8.001   8.501   9.001   9.500  10.001  10.501  11.001  11.501  12.001  
# WindSpeed, 1 entries  - z axis (matrix columns) (m/s)
   9.500  

# This is RtAeroCp Power

   0.033524       0.036015       0.038488       0.041003       0.043532       0.046077       0.048616       0.051203       0.053824       0.056504       0.059221       0.061993       0.064822       0.067702       0.070648       0.073669       0.076743       0.079846       0.083032       0.086258       0.089485       0.092739       0.095974       0.099142       0.102233       0.105201       0.107910       0.110499       0.112895       0.114982       0.116759       0.118306       0.119471       0.120395       0.120970       0.121224       0.121107       0.120660       0.119833       0.118676       0.117287       0.115671       0.113815       0.111798       0.109601       0.107280       0.104759       0.102044       0.099177       0.096139       0.092938       0.089604       0.086151       0.082588       0.078914       0.075108       0.071209       0.067242       0.063181       0.059033       0.054814       0.050544       0.046234       0.041889       0.037466       0.033029    
   0.058461       0.062793       0.067205       0.071720       0.076331       0.081073       0.085907       0.090859       0.095927       0.101050       0.106246       0.111489       0.116740       0.122009       0.127165       0.132233       0.137140       0.141991       0.146353       0.150381       0.154005       0.157211       0.159958       0.162186       0.163910       0.165172       0.165916       0.166040       0.165619       0.164643       0.163133       0.161185       0.158813       0.156153       0.153173       0.149935       0.146407       0.142662       0.138706       0.134531       0.130197       0.125621       0.120865       0.115987       0.110961       0.105796       0.100511       0.095185       0.089769       0.084204       0.078564       0.072885       0.067181       0.061385       0.055531       0.049663       0.043786       0.037828       0.031835       0.025797       0.019709       0.013570       0.007370       0.001099      -0.005265      -0.011754    
   0.095176       0.102579       0.110175       0.117934       0.125849       0.133830       0.141834       0.149789       0.157715       0.165375       0.172765       0.179771       0.186379       0.192511       0.198081       0.203088       0.207323       0.210725       0.213258       0.214998       0.215804       0.215732       0.214947       0.213415       0.211148       0.208179       0.204752       0.200868       0.196625       0.191982       0.187024       0.181734       0.176166       0.170324       0.164271       0.157996       0.151518       0.144916       0.138201       0.131294       0.124276       0.117195       0.110006       0.102735       0.095409       0.087997       0.080554       0.073074       0.065526       0.057916       0.050258       0.042553       0.034772       0.026886       0.018960       0.010951       0.002859      -0.005322      -0.013600      -0.021981      -0.030479      -0.039121      -0.047991      -0.057175      -0.066732      -0.076649    
   0.159413       0.170976       0.182486       0.193880       0.204992       0.215640       0.225686       0.234983       0.243414       0.250933       0.257475       0.263039       0.267491       0.270815       0.272961       0.273959       0.273707       0.272187       0.269428       0.265715       0.261294       0.256303       0.250735       0.244706       0.238273       0.231449       0.224263       0.216817       0.209127       0.201206       0.193020       0.184694       0.176248       0.167602       0.158807       0.149954       0.140951       0.131798       0.122585       0.113300       0.103932       0.094480       0.084934       0.075279       0.065545       0.055740       0.045861       0.035871       0.025770       0.015583       0.005278      -0.005151      -0.015709      -0.026405      -0.037243      -0.048225      -0.059413      -0.070931      -0.082935      -0.095371      -0.108168      -0.121317      -0.134870      -0.148905      -0.163635      -0.178808    
   0.240461       0.254770       0.268145       0.280440       0.291512       0.301222       0.309650       0.316615       0.322059       0.325745       0.327722       0.328082       0.326852       0.324274       0.320449       0.315442       0.309552       0.303088       0.296002       0.288448       0.280511       0.272181       0.263521       0.254580       0.245444       0.236087       0.226497       0.216741       0.206795       0.196681       0.186405       0.176004       0.165440       0.154720       0.143860       0.132844       0.121686       0.110409       0.099021       0.087505       0.075868       0.064126       0.052264       0.040269       0.028146       0.015887       0.003465      -0.009126      -0.021896      -0.034839      -0.047977      -0.061331      -0.074898      -0.088677      -0.102707      -0.117081      -0.132104      -0.147898      -0.164591      -0.182323      -0.200829      -0.220225      -0.240230      -0.260104      -0.280027      -0.299282    
   0.334449       0.347176       0.358256       0.367494       0.374751       0.379843       0.382861       0.383973       0.383302       0.380871       0.376744       0.371165       0.364607       0.357352       0.349456       0.341074       0.332186       0.322901       0.313134       0.303018       0.292612       0.281934       0.270996       0.259853       0.248499       0.236903       0.225061       0.212989       0.200670       0.188112       0.175332       0.162337       0.149122       0.135698       0.122098       0.108323       0.094380       0.080269       0.066003       0.051574       0.036952       0.022127       0.007088      -0.008183      -0.023695      -0.039437      -0.055426      -0.071678      -0.088233      -0.105063      -0.122172      -0.139583      -0.157413      -0.176013      -0.195567      -0.216268      -0.238255      -0.261600      -0.286503      -0.312684      -0.339418      -0.365854      -0.391863      -0.416530      -0.439563      -0.461608    
   0.410091       0.417538       0.422774       0.425842       0.427045       0.426417       0.423954       0.419674       0.414008       0.407488       0.400177       0.392240       0.383722       0.374594       0.364871       0.354555       0.343768       0.332622       0.321155       0.309357       0.297220       0.284740       0.271896       0.258707       0.245171       0.231297       0.217072       0.202517       0.187659       0.172497       0.157045       0.141326       0.125359       0.109155       0.092722       0.076069       0.059187       0.042059       0.024653       0.006951      -0.011053      -0.029379      -0.048022      -0.066956      -0.086218      -0.105825      -0.125812      -0.146202      -0.166965      -0.188097      -0.209673      -0.232119      -0.255937      -0.281380      -0.308826      -0.338418      -0.370451      -0.404059      -0.438440      -0.472138      -0.505010      -0.535430      -0.564019      -0.590910      -0.617041      -0.642135    
   0.447720       0.450919       0.452650       0.452551       0.450432       0.446968       0.442363       0.436796       0.430392       0.423225       0.415269       0.406417       0.396694       0.386251       0.375221       0.363642       0.351540       0.338960       0.325891       0.312320       0.298224       0.283619       0.268538       0.252989       0.236966       0.220499       0.203604       0.186284       0.168552       0.150465       0.132029       0.113272       0.094192       0.074827       0.055163       0.035138       0.014688      -0.006125      -0.027322      -0.048923      -0.070951      -0.093399      -0.116272      -0.139598      -0.163410      -0.187754      -0.212585      -0.237874      -0.263671      -0.290320      -0.318655      -0.349108      -0.382093      -0.418045      -0.457392      -0.499427      -0.542795      -0.586275      -0.627311      -0.665435      -0.701159      -0.734626      -0.767405      -0.798658      -0.829680      -0.860013    
   0.454758       0.457013       0.458498       0.458492       0.457396       0.455024       0.451462       0.446790       0.440805       0.433548       0.425126       0.415639       0.405265       0.394101       0.382171       0.369480       0.356110       0.342042       0.327266       0.311788       0.295656       0.278873       0.261447       0.243396       0.224772       0.205568       0.185808       0.165521       0.144788       0.123655       0.102111       0.080141       0.057800       0.035025       0.011729      -0.012074      -0.036404      -0.061242      -0.086602      -0.112517      -0.138998      -0.166063      -0.193729      -0.221998      -0.250876      -0.280364      -0.310464      -0.341186      -0.372925      -0.406723      -0.443962      -0.485648      -0.531748      -0.582936      -0.636365      -0.690144      -0.742132      -0.789798      -0.833326      -0.874749      -0.914918      -0.953931      -0.991979      -1.029242      -1.066135      -1.102075    
   0.445566       0.450711       0.454767       0.457550       0.458938       0.458673       0.456779       0.453269       0.448076       0.441247       0.432952       0.423424       0.412728       0.400952       0.388161       0.374360       0.359545       0.343721       0.326950       0.309287       0.290744       0.271348       0.251127       0.230131       0.208369       0.185878       0.162753       0.139073       0.114828       0.090067       0.064844       0.039061       0.012594      -0.014545      -0.042357      -0.070850      -0.100005      -0.129883      -0.160474      -0.191765      -0.223824      -0.256652      -0.290215      -0.324538      -0.359605      -0.395432      -0.432128      -0.470369      -0.511912      -0.558129      -0.609801      -0.668136      -0.732449      -0.799081      -0.864791      -0.927106      -0.983110      -1.035441      -1.084939      -1.133365      -1.180739      -1.226729      -1.272434      -1.316983      -1.361249      -1.405460    
   0.427593       0.435469       0.442265       0.447687       0.451361       0.453120       0.452953       0.450964       0.447147       0.441551       0.434243       0.425280       0.414746       0.402684       0.389163       0.374250       0.358002       0.340472       0.321721       0.301821       0.280803       0.258700       0.235593       0.211522       0.186582       0.160859       0.134396       0.107218       0.079446       0.051043       0.021800      -0.008317      -0.039284      -0.071105      -0.103801      -0.137340      -0.171758      -0.207076      -0.243282      -0.280449      -0.318557      -0.357522      -0.397414      -0.438256      -0.480046      -0.522877      -0.567323      -0.615902      -0.670930      -0.733459      -0.804835      -0.883787      -0.964450      -1.042342      -1.115728      -1.181565      -1.242162      -1.301339      -1.359114      -1.415281      -1.470536      -1.524846      -1.578346      -1.631462      -1.684596      -1.737288    
   0.408154       0.417456       0.425743       0.432652       0.438031       0.441856       0.443927       0.444056       0.442276       0.438558       0.432784       0.424850       0.414691       0.402401       0.388160       0.372083       0.354271       0.334807       0.313851       0.291449       0.267692       0.242628       0.216326       0.188899       0.160507       0.131175       0.100933       0.069950       0.038075       0.005120      -0.028930      -0.064083      -0.100316      -0.137609      -0.175957      -0.215406      -0.255957      -0.297626      -0.340497      -0.384500      -0.429524      -0.475668      -0.522967      -0.571411      -0.621132      -0.672569      -0.728905      -0.793403      -0.867094      -0.952680      -1.047927      -1.144443      -1.237097      -1.323886      -1.401810      -1.473437      -1.543358      -1.612505      -1.679223      -1.745297      -1.810121      -1.873620      -1.937735      -2.001146      -2.063414      -2.125927    
   0.384641       0.394930       0.404129       0.412280       0.419116       0.424514       0.428584       0.431126       0.431729       0.430232       0.426381       0.419698       0.410122       0.397775       0.382944       0.365785       0.346504       0.325230       0.302103       0.277223       0.250706       0.222633       0.193163       0.162412       0.130512       0.097505       0.063593       0.028477      -0.008020      -0.045844      -0.084993      -0.125472      -0.167265      -0.210340      -0.254730      -0.300488      -0.347607      -0.396168      -0.446080      -0.497193      -0.549561      -0.603346      -0.658553      -0.715181      -0.773501      -0.835655      -0.907836      -0.992914      -1.091872      -1.204207      -1.318020      -1.426870      -1.528641      -1.620360      -1.703461      -1.785352      -1.866076      -1.944797      -2.022148      -2.098030      -2.172943      -2.247688      -2.321879      -2.395603      -2.468550      -2.541094    
   0.359286       0.370724       0.381134       0.390634       0.399146       0.406489       0.412388       0.416800       0.419676       0.420213       0.418032       0.412809       0.404125       0.391984       0.376609       0.358326       0.337392       0.314052       0.288470       0.260784       0.231109       0.199652       0.166542       0.131956       0.096000       0.058891       0.020231      -0.020060      -0.061995      -0.105582      -0.150806      -0.197639      -0.246043      -0.296027      -0.347663      -0.400934      -0.455943      -0.512569      -0.570656      -0.630198      -0.691378      -0.754261      -0.818823      -0.885334      -0.954794      -1.034657      -1.130192      -1.242618      -1.373681      -1.507979      -1.636907      -1.757452      -1.867698      -1.965366      -2.060101      -2.155678      -2.248393      -2.339503      -2.428477      -2.516591      -2.604657      -2.691484      -2.778455      -2.864067      -2.948920      -3.034517    
   0.328462       0.341835       0.354044       0.365006       0.375186       0.384529       0.392588       0.398758       0.402875       0.405047       0.404578       0.400872       0.393375       0.381697       0.366022       0.346734       0.324309       0.298956       0.270967       0.240425       0.207558       0.172548       0.135702       0.097106       0.057162       0.015336      -0.028479      -0.074314      -0.122159      -0.171981      -0.223741      -0.277404      -0.332940      -0.390418      -0.449843      -0.511311      -0.574744      -0.639909      -0.706781      -0.775439      -0.846137      -0.918838      -0.993697      -1.070870      -1.156306      -1.260313      -1.384330      -1.532742      -1.689160      -1.840610      -1.982617      -2.111943      -2.228229      -2.337338      -2.448088      -2.556558      -2.662548      -2.766141      -2.868345      -2.970405      -3.071849      -3.171726      -3.271822      -3.371200      -3.470401      -3.570330    
   0.294653       0.310519       0.324747       0.337750       0.349983       0.361388       0.371390       0.379297       0.384764       0.387869       0.388764       0.386453       0.380159       0.369174       0.353345       0.333222       0.309212       0.281787       0.251155       0.217313       0.180748       0.141866       0.100837       0.058151       0.013232      -0.034100      -0.083895      -0.136132      -0.190746      -0.247687      -0.306922      -0.368368      -0.432076      -0.498111      -0.566499      -0.637291      -0.710145      -0.785011      -0.861898      -0.941076      -1.022601      -1.106536      -1.193107      -1.284541      -1.394791      -1.528628      -1.691564      -1.872548      -2.050087      -2.217965      -2.370928      -2.509175      -2.636588      -2.764156      -2.890803      -3.013757      -3.134174      -3.252880      -3.370582      -3.488049      -3.604132      -3.719475      -3.834347      -3.949707      -4.066363      -4.183510    
   0.253421       0.274658       0.291453       0.307015       0.321577       0.334805       0.346499       0.356193       0.363203       0.367289       0.368741       0.367562       0.362466       0.352525       0.336999       0.316171       0.290831       0.261223       0.227421       0.190179       0.150060       0.107240       0.062295       0.014843      -0.035510      -0.088843      -0.145099      -0.204191      -0.266058      -0.330611      -0.397807      -0.467603      -0.540112      -0.615330      -0.693399      -0.773976      -0.856908      -0.942151      -1.029799      -1.120232      -1.213394      -1.309565      -1.408727      -1.521533      -1.662103      -1.833773      -2.038200      -2.243671      -2.440580      -2.621412      -2.783939      -2.932454      -3.076671      -3.223461      -3.365313      -3.504313      -3.640474      -3.776045      -3.910630      -4.043925      -4.176691      -4.308293      -4.440994      -4.573504      -4.707949      -4.844564    
   0.203556       0.232070       0.255251       0.274316       0.291244       0.306509       0.319984       0.331384       0.339978       0.345218       0.347183       0.346526       0.342615       0.333722       0.318695       0.297381       0.270167       0.237703       0.200779       0.160133       0.116085       0.069262       0.019678      -0.033362      -0.089990      -0.150121      -0.213612      -0.280383      -0.350340      -0.423415      -0.499517      -0.578702      -0.661044      -0.746686      -0.835398      -0.926856      -1.020995      -1.117788      -1.217572      -1.320566      -1.426840      -1.536522      -1.652285      -1.795216      -1.972898      -2.193526      -2.429807      -2.659754      -2.873984      -3.065343      -3.239301      -3.405489      -3.571743      -3.735235      -3.894936      -4.051529      -4.205863      -4.359676      -4.512292      -4.664421      -4.815626      -4.966423      -5.117478      -5.270972      -5.425958      -5.584488    
   0.141033       0.179486       0.211694       0.236753       0.257296       0.274783       0.290186       0.303258       0.313478       0.320015       0.322899       0.322497       0.319330       0.311679       0.297069       0.274821       0.245657       0.210620       0.170695       0.126497       0.078651       0.027651      -0.027335      -0.086598      -0.150013      -0.217399      -0.288658      -0.363653      -0.442289      -0.524471      -0.610135      -0.699461      -0.792451      -0.889211      -0.989195      -1.092278      -1.198405      -1.307607      -1.420460      -1.536993      -1.657504      -1.781738      -1.921858      -2.101417      -2.326233      -2.591970      -2.856577      -3.108222      -3.334213      -3.536417      -3.727916      -3.914309      -4.102578      -4.285954      -4.463995      -4.639057      -4.814079      -4.987584      -5.160549      -5.332378      -5.503416      -5.675041      -5.847562      -6.021748      -6.200768      -6.382234    
   0.071304       0.117901       0.159178       0.194113       0.220094       0.240990       0.258509       0.273353       0.285279       0.293457       0.297346       0.297494       0.294409       0.287104       0.272784       0.249688       0.218651       0.181050       0.137955       0.090104       0.038377      -0.017793      -0.079018      -0.145146      -0.215985      -0.291362      -0.371136      -0.455135      -0.543275      -0.635472      -0.731700      -0.832140      -0.936897      -1.045610      -1.157897      -1.273680      -1.392905      -1.515809      -1.643005      -1.774490      -1.910421      -2.052274      -2.225856      -2.449842      -2.731147      -3.033011      -3.325474      -3.593863      -3.832094      -4.051074      -4.262359      -4.473278      -4.683259      -4.886993      -5.085740      -5.282914      -5.478979      -5.674793      -5.868862      -6.062960      -6.256266      -6.450188      -6.646567      -6.844403      -7.049202      -7.255984    


# This is RtAeroCt Thrust

   0.161221       0.160691       0.160157       0.159645       0.159143       0.158647       0.158179       0.157719       0.157285       0.156923       0.156598       0.156342       0.156151       0.156040       0.156026       0.156116       0.156283       0.156496       0.156860       0.157328       0.157854       0.158465       0.159145       0.159837       0.160529       0.161133       0.161485       0.161815       0.161976       0.161909       0.161539       0.161014       0.160196       0.159138       0.157768       0.156138       0.154236       0.152046       0.149568       0.146860       0.144008       0.140998       0.137888       0.134651       0.131271       0.127839       0.124237       0.120488       0.116643       0.112672       0.108620       0.104508       0.100318       0.096059       0.091728       0.087313       0.082862       0.078364       0.073804       0.069201       0.064572       0.059902       0.055216       0.050537       0.045788       0.041057    
   0.205076       0.204808       0.204647       0.204589       0.204633       0.204847       0.205194       0.205708       0.206417       0.207240       0.208232       0.209377       0.210645       0.212045       0.213457       0.214888       0.216288       0.217913       0.218943       0.219719       0.220147       0.220250       0.219915       0.219125       0.217936       0.216370       0.214363       0.211820       0.208869       0.205474       0.201679       0.197599       0.193268       0.188699       0.183979       0.179112       0.174031       0.168840       0.163496       0.157992       0.152412       0.146647       0.140775       0.134840       0.128814       0.122734       0.116572       0.110426       0.104236       0.097963       0.091660       0.085377       0.079108       0.072789       0.066467       0.060153       0.053885       0.047577       0.041288       0.035000       0.028720       0.022439       0.016135       0.009808       0.003463      -0.002895    
   0.258664       0.259507       0.260638       0.262099       0.263886       0.265970       0.268272       0.270751       0.273684       0.276352       0.278958       0.281369       0.283560       0.285374       0.286702       0.287513       0.287552       0.286755       0.285193       0.282957       0.279951       0.276184       0.271933       0.267130       0.261717       0.255872       0.249793       0.243457       0.236884       0.230042       0.223013       0.215760       0.208336       0.200707       0.192982       0.185124       0.177138       0.169112       0.161098       0.152948       0.144752       0.136594       0.128376       0.120141       0.111929       0.103679       0.095469       0.087298       0.079115       0.070930       0.062767       0.054625       0.046474       0.038252       0.030111       0.021962       0.013805       0.005640      -0.002537      -0.010749      -0.019008      -0.027306      -0.035630      -0.043967      -0.052300      -0.060625    
   0.339134       0.342437       0.346005       0.349847       0.353808       0.357646       0.361203       0.364278       0.366665       0.368161       0.368806       0.368622       0.367541       0.365491       0.362385       0.358132       0.352748       0.346285       0.338908       0.331041       0.322898       0.314441       0.305611       0.296466       0.287104       0.277496       0.267643       0.257646       0.247538       0.237364       0.227027       0.216675       0.206323       0.195839       0.185327       0.174901       0.164386       0.153797       0.143278       0.132792       0.122323       0.111881       0.101440       0.090975       0.080525       0.070110       0.059732       0.049359       0.038957       0.028594       0.018220       0.007838      -0.002553      -0.012965      -0.023417      -0.033902      -0.044487      -0.055122      -0.065772      -0.076434      -0.087123      -0.097825      -0.108513      -0.118986      -0.129249      -0.139265    
   0.436668       0.442274       0.447393       0.451855       0.455399       0.457808       0.458907       0.458542       0.456545       0.452921       0.447863       0.441447       0.433626       0.424768       0.415015       0.404561       0.393713       0.382522       0.370902       0.359056       0.347011       0.334817       0.322472       0.310015       0.297558       0.285012       0.272413       0.259792       0.247113       0.234416       0.221728       0.209055       0.196364       0.183661       0.170958       0.158239       0.145507       0.132805       0.120135       0.107496       0.094888       0.082315       0.069767       0.057228       0.044706       0.032200       0.019682       0.007137      -0.005439      -0.018052      -0.030700      -0.043405      -0.056158      -0.068984      -0.081930      -0.094949      -0.108016      -0.121114      -0.134207      -0.147303      -0.160318      -0.172987      -0.185291      -0.197062      -0.208257      -0.218699    
   0.557117       0.560263       0.561904       0.561747       0.559660       0.555560       0.549462       0.541618       0.531817       0.520480       0.507927       0.494864       0.481282       0.467271       0.452842       0.438235       0.423379       0.408511       0.393424       0.378295       0.363105       0.347868       0.332592       0.317376       0.302135       0.286867       0.271577       0.256268       0.240905       0.225507       0.210105       0.194703       0.179300       0.163907       0.148538       0.133197       0.117891       0.102609       0.087372       0.072173       0.056991       0.041814       0.026624       0.011408      -0.003846      -0.019137      -0.034485      -0.049896      -0.065398      -0.080935      -0.096550      -0.112286      -0.128124      -0.144036      -0.160013      -0.176059      -0.192197      -0.208244      -0.223954      -0.239209      -0.253895      -0.267841      -0.280776      -0.292555      -0.303169      -0.312874    
   0.670289       0.666167       0.659720       0.651125       0.640407       0.627592       0.612952       0.597446       0.581649       0.565292       0.548502       0.531391       0.514162       0.496702       0.479118       0.461452       0.443775       0.426078       0.408354       0.390602       0.372818       0.354992       0.337076       0.319128       0.301144       0.283134       0.265087       0.247007       0.228911       0.210795       0.192670       0.174553       0.156455       0.138396       0.120376       0.102394       0.084454       0.066537       0.048616       0.030680       0.012714      -0.005317      -0.023379      -0.041476      -0.059641      -0.077893      -0.096244      -0.114702      -0.133251      -0.151910      -0.170719      -0.189673      -0.208721      -0.227869      -0.247145      -0.266323      -0.285087      -0.303183      -0.320540      -0.336852      -0.351985      -0.365439      -0.377622      -0.388478      -0.398338      -0.406914    
   0.758311       0.745272       0.729871       0.712537       0.695261       0.677554       0.659258       0.640148       0.620725       0.601122       0.581445       0.561616       0.541644       0.521580       0.501420       0.481144       0.460740       0.440292       0.419791       0.399225       0.378581       0.357863       0.337083       0.316242       0.295334       0.274372       0.253355       0.232288       0.211201       0.190116       0.169036       0.147989       0.126968       0.106016       0.085115       0.064203       0.043228       0.022289       0.001316      -0.019711      -0.040809      -0.061987      -0.083251      -0.104634      -0.126161      -0.147826      -0.169587      -0.191449      -0.213492      -0.235723      -0.258075      -0.280583      -0.303301      -0.326003      -0.348218      -0.369667      -0.390177      -0.409558      -0.427423      -0.443294      -0.457515      -0.470131      -0.481660      -0.491643      -0.500627      -0.508767    
   0.816144       0.797501       0.778780       0.759171       0.739090       0.718488       0.697604       0.676505       0.655102       0.633398       0.611358       0.589072       0.566597       0.543963       0.521184       0.498262       0.475232       0.452080       0.428799       0.405383       0.381856       0.358209       0.334449       0.310593       0.286652       0.262608       0.238491       0.214327       0.190171       0.166066       0.142005       0.117987       0.094065       0.070163       0.046192       0.022171      -0.001908      -0.026036      -0.050228      -0.074521      -0.098964      -0.123539      -0.148277      -0.173182      -0.198208      -0.223321      -0.248550      -0.273992      -0.299749      -0.325778      -0.351972      -0.378359      -0.404570      -0.430085      -0.454484      -0.477460      -0.498748      -0.517994      -0.535132      -0.550207      -0.563741      -0.575882      -0.586458      -0.595836      -0.604493      -0.612385    
   0.865828       0.845104       0.824021       0.802581       0.780822       0.758644       0.736073       0.713054       0.689553       0.665585       0.641192       0.616454       0.591399       0.566081       0.540535       0.514754       0.488732       0.462459       0.435980       0.409318       0.382463       0.355436       0.328253       0.300925       0.273465       0.245881       0.218283       0.190737       0.163228       0.135785       0.108445       0.081109       0.053692       0.026206      -0.001361      -0.029015      -0.056751      -0.084603      -0.112588      -0.140709      -0.169044      -0.197609      -0.226350      -0.255206      -0.284184      -0.313331      -0.342812      -0.372638      -0.402730      -0.433205      -0.463791      -0.493920      -0.522972      -0.550545      -0.576329      -0.599967      -0.621057      -0.639698      -0.656098      -0.671005      -0.684087      -0.695351      -0.705552      -0.714726      -0.723469      -0.731683    
   0.908932       0.886102       0.863299       0.840372       0.817056       0.793248       0.768931       0.744154       0.718866       0.693026       0.666631       0.639706       0.612291       0.584408       0.556102       0.527401       0.498326       0.468913       0.439203       0.409223       0.378988       0.348489       0.317850       0.287030       0.256101       0.225136       0.194183       0.163251       0.132416       0.101688       0.070881       0.039941       0.008902      -0.022235      -0.053465      -0.084795      -0.116282      -0.147967      -0.179846      -0.212007      -0.244444      -0.277059      -0.309825      -0.342745      -0.375850      -0.409332      -0.443304      -0.477662      -0.512478      -0.547320      -0.581510      -0.614342      -0.645389      -0.674043      -0.700209      -0.723389      -0.743792      -0.761981      -0.778369      -0.792635      -0.804785      -0.815747      -0.825899      -0.835320      -0.844040      -0.852196    
   0.954795       0.928974       0.903483       0.878036       0.852496       0.826782       0.800717       0.774155       0.747079       0.719446       0.691152       0.662098       0.632229       0.601604       0.570337       0.538491       0.506106       0.473265       0.440100       0.406565       0.372732       0.338607       0.304207       0.269636       0.235021       0.200402       0.165807       0.131348       0.096924       0.062369       0.027687      -0.007131      -0.042097      -0.077205      -0.112455      -0.147924      -0.183631      -0.219601      -0.255940      -0.292592      -0.329449      -0.366492      -0.403729      -0.441168      -0.479019      -0.517468      -0.556397      -0.595938      -0.635496      -0.674232      -0.711330      -0.746245      -0.778407      -0.807552      -0.833460      -0.856074      -0.876291      -0.894831      -0.910589      -0.923969      -0.935983      -0.947130      -0.957415      -0.966875      -0.975670      -0.983722    
   0.998856       0.969600       0.940914       0.912698       0.884654       0.856594       0.828470       0.800140       0.771366       0.742058       0.712040       0.680963       0.648735       0.615453       0.581343       0.546445       0.510896       0.474785       0.438158       0.401046       0.363541       0.325674       0.287536       0.249294       0.211080       0.172905       0.134910       0.096873       0.058669       0.020287      -0.018294      -0.057074      -0.096065      -0.135234      -0.174638      -0.214375      -0.254451      -0.294968      -0.335844      -0.376962      -0.418312      -0.459880      -0.501669      -0.543769      -0.586601      -0.630213      -0.674480      -0.718849      -0.762316      -0.804081      -0.843322      -0.879390      -0.911875      -0.940658      -0.966088      -0.989099      -1.009609      -1.027467      -1.042213      -1.055179      -1.067578      -1.078576      -1.088892      -1.098492      -1.107274      -1.115070    
   1.048188       1.015079       0.982647       0.950989       0.919974       0.889179       0.858384       0.827544       0.796617       0.765164       0.732999       0.699832       0.665304       0.629396       0.592241       0.554025       0.514958       0.475152       0.434695       0.393632       0.352040       0.310089       0.268012       0.225905       0.183808       0.141958       0.099964       0.057751       0.015287      -0.027455      -0.070469      -0.113759      -0.157289      -0.201093      -0.245297      -0.289904      -0.335056      -0.380639      -0.426498      -0.472634      -0.519028      -0.565684      -0.612618      -0.660248      -0.708845      -0.758306      -0.808193      -0.857106      -0.904149      -0.948505      -0.989383      -1.026081      -1.058599      -1.087271      -1.113277      -1.136864      -1.157387      -1.174187      -1.188769      -1.202179      -1.214211      -1.225304      -1.235921      -1.245648      -1.254477      -1.261837    
   1.095877       1.058869       1.022733       0.987481       0.953054       0.919288       0.885925       0.852436       0.818708       0.784843       0.750435       0.715081       0.678341       0.639882       0.599803       0.558374       0.515789       0.472261       0.427920       0.382870       0.337272       0.291416       0.245489       0.199530       0.153819       0.107909       0.061701       0.015148      -0.031772      -0.079047      -0.126668      -0.174613      -0.222867      -0.271561      -0.320766      -0.370572      -0.420930      -0.471612      -0.522614      -0.573926      -0.625534      -0.677417      -0.729810      -0.783348      -0.837968      -0.893455      -0.948145      -1.000826      -1.050779      -1.097016      -1.138592      -1.175168      -1.207632      -1.237080      -1.264072      -1.287769      -1.307149      -1.323355      -1.338119      -1.351185      -1.363543      -1.374780      -1.385785      -1.396143      -1.404841      -1.411748    
   1.146923       1.105815       1.065724       1.026673       0.988675       0.951632       0.915107       0.878553       0.841683       0.804580       0.767415       0.729548       0.690420       0.649441       0.606411       0.561613       0.515386       0.467966       0.419524       0.370283       0.320588       0.270680       0.220638       0.170850       0.120835       0.070425       0.019544      -0.031816      -0.083625      -0.135864      -0.188528      -0.241561      -0.295062      -0.349154      -0.403894      -0.459369      -0.515242      -0.571475      -0.628065      -0.684994      -0.742265      -0.799890      -0.858548      -0.918549      -0.979856      -1.040983      -1.100019      -1.156253      -1.208708      -1.256169      -1.297843      -1.334429      -1.367956      -1.399028      -1.426624      -1.449500      -1.467861      -1.484129      -1.498681      -1.512289      -1.524729      -1.536627      -1.548273      -1.558984      -1.567509      -1.573115    
   1.194505       1.151629       1.107598       1.064720       1.022997       0.982179       0.942076       0.902294       0.862284       0.821875       0.781305       0.740689       0.699143       0.655847       0.610108       0.562083       0.512232       0.460896       0.408387       0.355060       0.301351       0.247354       0.193518       0.139505       0.084983       0.029826      -0.025933      -0.082264      -0.139133      -0.196515      -0.254372      -0.312683      -0.371666      -0.431353      -0.491948      -0.553075      -0.614612      -0.676555      -0.738894      -0.801622      -0.864700      -0.928401      -0.993662      -1.060504      -1.128170      -1.194078      -1.257005      -1.316140      -1.370280      -1.418054      -1.459527      -1.496822      -1.532295      -1.564421      -1.591791      -1.613073      -1.631297      -1.647500      -1.662471      -1.676211      -1.689589      -1.702250      -1.714551      -1.724778      -1.732497      -1.736578    
   1.240173       1.196805       1.151595       1.105111       1.059223       1.014347       0.970318       0.926863       0.883422       0.839552       0.795394       0.751412       0.707170       0.661386       0.612943       0.561623       0.508023       0.452623       0.395895       0.338448       0.280479       0.222474       0.164403       0.105687       0.046143      -0.014169      -0.075199      -0.136896      -0.199207      -0.262105      -0.325526      -0.389596      -0.454494      -0.520360      -0.587035      -0.654195      -0.721800      -0.789861      -0.858354      -0.927282      -0.996605      -1.067113      -1.139553      -1.213773      -1.287183      -1.357561      -1.424135      -1.485867      -1.540985      -1.588430      -1.630134      -1.670129      -1.707515      -1.740001      -1.765797      -1.786590      -1.804678      -1.821361      -1.836642      -1.851394      -1.865325      -1.879150      -1.891591      -1.901552      -1.907737      -1.910037    
   1.277921       1.235837       1.191545       1.143551       1.094259       1.045142       0.997050       0.949757       0.902785       0.855481       0.807736       0.760016       0.712644       0.664266       0.613233       0.558723       0.501378       0.441922       0.381147       0.319530       0.257530       0.195501       0.132746       0.068939       0.004157      -0.061530      -0.128024      -0.195263      -0.263204      -0.331801      -0.401014      -0.471121      -0.542219      -0.614482      -0.687358      -0.760742      -0.834617      -0.908994      -0.983862      -1.059177      -1.135077      -1.212863      -1.292917      -1.373984      -1.452444      -1.526856      -1.596631      -1.660060      -1.714813      -1.761995      -1.806025      -1.848523      -1.886678      -1.918852      -1.943236      -1.963923      -1.982508      -1.999434      -2.015674      -2.030974      -2.046094      -2.060439      -2.072951      -2.081878      -2.086317      -2.087499    
   1.313449       1.270959       1.227220       1.181182       1.129940       1.077256       1.024910       0.973520       0.922713       0.871804       0.820346       0.768711       0.717562       0.666284       0.612568       0.554867       0.493721       0.430259       0.365362       0.299597       0.233628       0.166928       0.098933       0.029696      -0.040659      -0.112012      -0.184277      -0.257379      -0.331271      -0.405879      -0.481285      -0.557824      -0.635660      -0.714466      -0.793863      -0.873803      -0.954294      -1.035341      -1.116939      -1.199004      -1.282078      -1.367706      -1.455810      -1.542965      -1.626053      -1.704567      -1.777139      -1.840952      -1.895241      -1.943685      -1.990646      -2.035178      -2.073861      -2.104926      -2.128840      -2.149778      -2.168614      -2.186546      -2.203368      -2.219748      -2.235523      -2.250546      -2.262658      -2.270490      -2.273248      -2.273489    


# This is RtAeroCq Torque

   0.013268       0.014254       0.015233       0.016229       0.017229       0.018237       0.019242       0.020265       0.021303       0.022364       0.023439       0.024536       0.025656       0.026796       0.027962       0.029158       0.030374       0.031602       0.032863       0.034140       0.035417       0.036705       0.037986       0.039239       0.040463       0.041638       0.042710       0.043734       0.044683       0.045509       0.046212       0.046824       0.047285       0.047651       0.047878       0.047979       0.047932       0.047755       0.047428       0.046970       0.046420       0.045780       0.045046       0.044248       0.043378       0.042459       0.041461       0.040387       0.039252       0.038049       0.036783       0.035463       0.034096       0.032686       0.031232       0.029726       0.028183       0.026612       0.025005       0.023363       0.021694       0.020004       0.018298       0.016578       0.014828       0.013072    
   0.019273       0.020700       0.022155       0.023643       0.025163       0.026727       0.028320       0.029953       0.031623       0.033312       0.035025       0.036754       0.038485       0.040222       0.041922       0.043592       0.045210       0.046810       0.048247       0.049575       0.050770       0.051827       0.052733       0.053467       0.054036       0.054452       0.054697       0.054737       0.054599       0.054277       0.053779       0.053136       0.052355       0.051478       0.050495       0.049427       0.048264       0.047030       0.045725       0.044349       0.042920       0.041411       0.039843       0.038235       0.036578       0.034876       0.033133       0.031377       0.029592       0.027758       0.025898       0.024026       0.022146       0.020235       0.018306       0.016372       0.014435       0.012471       0.010495       0.008505       0.006498       0.004475       0.002431       0.000364      -0.001733      -0.003872    
   0.026997       0.029097       0.031252       0.033453       0.035698       0.037962       0.040232       0.042489       0.044737       0.046910       0.049006       0.050993       0.052868       0.054607       0.056187       0.057607       0.058809       0.059773       0.060492       0.060985       0.061214       0.061193       0.060970       0.060536       0.059893       0.059051       0.058078       0.056976       0.055773       0.054456       0.053049       0.051549       0.049969       0.048312       0.046595       0.044815       0.042978       0.041105       0.039200       0.037241       0.035250       0.033242       0.031202       0.029140       0.027062       0.024959       0.022848       0.020727       0.018586       0.016427       0.014255       0.012070       0.009863       0.007626       0.005378       0.003106       0.000811      -0.001509      -0.003857      -0.006234      -0.008644      -0.011095      -0.013611      -0.016215      -0.018926      -0.021738    
   0.039206       0.042050       0.044881       0.047683       0.050416       0.053034       0.055505       0.057792       0.059865       0.061714       0.063323       0.064692       0.065786       0.066604       0.067131       0.067376       0.067314       0.066940       0.066261       0.065348       0.064260       0.063033       0.061663       0.060181       0.058599       0.056920       0.055153       0.053322       0.051430       0.049482       0.047469       0.045422       0.043345       0.041219       0.039056       0.036879       0.034665       0.032414       0.030148       0.027865       0.025561       0.023237       0.020889       0.018515       0.016122       0.013710       0.011281       0.008825       0.006341       0.003836       0.001302      -0.001262      -0.003858      -0.006488      -0.009153      -0.011854      -0.014604      -0.017436      -0.020387      -0.023445      -0.026591      -0.029824      -0.033156      -0.036607      -0.040229      -0.043959    
   0.053024       0.056179       0.059129       0.061840       0.064281       0.066423       0.068281       0.069817       0.071018       0.071831       0.072266       0.072346       0.072074       0.071506       0.070662       0.069558       0.068259       0.066834       0.065271       0.063605       0.061855       0.060018       0.058108       0.056137       0.054122       0.052059       0.049944       0.047793       0.045600       0.043369       0.041103       0.038810       0.036480       0.034116       0.031722       0.029293       0.026832       0.024345       0.021834       0.019295       0.016729       0.014140       0.011525       0.008880       0.006207       0.003504       0.000765      -0.002012      -0.004827      -0.007681      -0.010578      -0.013522      -0.016513      -0.019551      -0.022645      -0.025814      -0.029126      -0.032608      -0.036288      -0.040197      -0.044278      -0.048554      -0.052964      -0.057346      -0.061738      -0.065983    
   0.066043       0.068556       0.070744       0.072567       0.074000       0.075006       0.075602       0.075821       0.075688       0.075207       0.074392       0.073291       0.071996       0.070563       0.069004       0.067349       0.065594       0.063760       0.061832       0.059834       0.057780       0.055671       0.053511       0.051311       0.049069       0.046780       0.044441       0.042058       0.039625       0.037146       0.034622       0.032057       0.029447       0.026797       0.024111       0.021391       0.018638       0.015852       0.013036       0.010187       0.007300       0.004373       0.001404      -0.001611      -0.004674      -0.007782      -0.010938      -0.014147      -0.017416      -0.020738      -0.024116      -0.027553      -0.031073      -0.034744      -0.038603      -0.042690      -0.047031      -0.051640      -0.056556      -0.061725      -0.067003      -0.072221      -0.077355      -0.082224      -0.086770      -0.091122    
   0.073692       0.075030       0.075971       0.076522       0.076738       0.076624       0.076181       0.075412       0.074394       0.073223       0.071909       0.070483       0.068952       0.067312       0.065565       0.063711       0.061773       0.059770       0.057709       0.055589       0.053408       0.051166       0.048858       0.046488       0.044056       0.041563       0.039007       0.036392       0.033722       0.030997       0.028221       0.025397       0.022528       0.019616       0.016664       0.013671       0.010638       0.007561       0.004433       0.001253      -0.001982      -0.005275      -0.008624      -0.012026      -0.015487      -0.019010      -0.022600      -0.026264      -0.029994      -0.033790      -0.037667      -0.041698      -0.045976      -0.050547      -0.055478      -0.060795      -0.066550      -0.072588      -0.078765      -0.084817      -0.090723      -0.096187      -0.101322      -0.106153      -0.110847      -0.115354    
   0.073658       0.074183       0.074467       0.074451       0.074102       0.073532       0.072775       0.071859       0.070805       0.069626       0.068317       0.066861       0.065261       0.063543       0.061728       0.059823       0.057832       0.055763       0.053613       0.051380       0.049061       0.046659       0.044178       0.041620       0.038984       0.036275       0.033496       0.030647       0.027730       0.024755       0.021722       0.018636       0.015498       0.012313       0.009078       0.005784       0.002420      -0.001003      -0.004490      -0.008043      -0.011666      -0.015359      -0.019121      -0.022957      -0.026874      -0.030878      -0.034962      -0.039121      -0.043364      -0.047747      -0.052406      -0.057414      -0.062838      -0.068752      -0.075224      -0.082138      -0.089271      -0.096421      -0.103170      -0.109439      -0.115314      -0.120817      -0.126208      -0.131347      -0.136448      -0.141436    
   0.069261       0.069604       0.069831       0.069830       0.069664       0.069303       0.068760       0.068048       0.067136       0.066031       0.064748       0.063303       0.061723       0.060023       0.058206       0.056273       0.054237       0.052094       0.049844       0.047486       0.045029       0.042474       0.039819       0.037070       0.034234       0.031309       0.028300       0.025210       0.022053       0.018834       0.015553       0.012208       0.008805       0.005337       0.001789      -0.001836      -0.005541      -0.009323      -0.013185      -0.017132      -0.021164      -0.025286      -0.029499      -0.033804      -0.038201      -0.042691      -0.047275      -0.051953      -0.056786      -0.061931      -0.067601      -0.073949      -0.080969      -0.088764      -0.096900      -0.105089      -0.113004      -0.120262      -0.126889      -0.133196      -0.139312      -0.145252      -0.151045      -0.156718      -0.162335      -0.167806    
   0.062842       0.063568       0.064140       0.064532       0.064728       0.064691       0.064424       0.063928       0.063196       0.062232       0.061063       0.059719       0.058210       0.056549       0.054745       0.052799       0.050709       0.048478       0.046112       0.043621       0.041006       0.038271       0.035419       0.032458       0.029389       0.026217       0.022956       0.019616       0.016197       0.012705       0.009148       0.005512       0.001780      -0.002047      -0.005969      -0.009987      -0.014099      -0.018312      -0.022626      -0.027038      -0.031559      -0.036188      -0.040921      -0.045761      -0.050706      -0.055758      -0.060932      -0.066323      -0.072179      -0.078695      -0.085983      -0.094209      -0.103278      -0.112673      -0.121938      -0.130724      -0.138620      -0.145999      -0.152977      -0.159804      -0.166484      -0.172967      -0.179411      -0.185692      -0.191932      -0.198165    
   0.056333       0.057371       0.058266       0.058980       0.059464       0.059695       0.059673       0.059411       0.058909       0.058171       0.057208       0.056028       0.054640       0.053051       0.051269       0.049305       0.047164       0.044855       0.042385       0.039763       0.036994       0.034082       0.031038       0.027868       0.024582       0.021193       0.017707       0.014127       0.010469       0.006727       0.002875      -0.001092      -0.005171      -0.009363      -0.013670      -0.018088      -0.022621      -0.027273      -0.032043      -0.036938      -0.041958      -0.047090      -0.052345      -0.057724      -0.063229      -0.068870      -0.074724      -0.081120      -0.088367      -0.096605      -0.106006      -0.116406      -0.127030      -0.137289      -0.146955      -0.155625      -0.163606      -0.171399      -0.179008      -0.186405      -0.193682      -0.200834      -0.207879      -0.214874      -0.221871      -0.228810    
   0.050360       0.051507       0.052530       0.053382       0.054045       0.054517       0.054772       0.054788       0.054569       0.054110       0.053398       0.052419       0.051165       0.049649       0.047892       0.045908       0.043710       0.041309       0.038724       0.035960       0.033029       0.029937       0.026692       0.023308       0.019805       0.016187       0.012456       0.008634       0.004701       0.000636      -0.003565      -0.007901      -0.012371      -0.016972      -0.021702      -0.026569      -0.031571      -0.036712      -0.042000      -0.047428      -0.052982      -0.058674      -0.064509      -0.070485      -0.076618      -0.082962      -0.089908      -0.097863      -0.106955      -0.117512      -0.129261      -0.141167      -0.152595      -0.163300      -0.172911      -0.181746      -0.190369      -0.198897      -0.207126      -0.215275      -0.223270      -0.231101      -0.239009      -0.246829      -0.254508      -0.262218    
   0.044760       0.045958       0.047028       0.047976       0.048772       0.049400       0.049873       0.050169       0.050239       0.050065       0.049617       0.048839       0.047725       0.046288       0.044562       0.042565       0.040322       0.037846       0.035155       0.032260       0.029175       0.025908       0.022479       0.018901       0.015189       0.011348       0.007402       0.003316      -0.000930      -0.005331      -0.009886      -0.014596      -0.019459      -0.024471      -0.029636      -0.034959      -0.040442      -0.046092      -0.051899      -0.057846      -0.063939      -0.070196      -0.076620      -0.083208      -0.089993      -0.097222      -0.105618      -0.115518      -0.127032      -0.140101      -0.153343      -0.166006      -0.177846      -0.188516      -0.198183      -0.207710      -0.217100      -0.226258      -0.235256      -0.244083      -0.252797      -0.261492      -0.270122      -0.278698      -0.287183      -0.295620    
   0.039444       0.040700       0.041843       0.042885       0.043820       0.044626       0.045273       0.045758       0.046073       0.046132       0.045893       0.045319       0.044366       0.043033       0.041345       0.039338       0.037040       0.034478       0.031670       0.028630       0.025373       0.021920       0.018285       0.014488       0.010542       0.006468       0.002224      -0.002198      -0.006802      -0.011586      -0.016550      -0.021691      -0.027004      -0.032490      -0.038158      -0.044006      -0.050044      -0.056259      -0.062635      -0.069170      -0.075885      -0.082788      -0.089874      -0.097174      -0.104796      -0.113559      -0.124046      -0.136387      -0.150771      -0.165513      -0.179664      -0.192893      -0.204993      -0.215712      -0.226109      -0.236597      -0.246773      -0.256772      -0.266536      -0.276206      -0.285870      -0.295399      -0.304943      -0.314337      -0.323648      -0.333041    
   0.034177       0.035568       0.036838       0.037979       0.039038       0.040010       0.040848       0.041490       0.041919       0.042144       0.042096       0.041710       0.040930       0.039715       0.038084       0.036077       0.033744       0.031106       0.028194       0.025017       0.021597       0.017955       0.014121       0.010106       0.005950       0.001599      -0.002960      -0.007728      -0.012706      -0.017889      -0.023274      -0.028856      -0.034634      -0.040613      -0.046796      -0.053190      -0.059789      -0.066568      -0.073525      -0.080667      -0.088022      -0.095585      -0.103372      -0.111400      -0.120283      -0.131103      -0.144007      -0.159444      -0.175716      -0.191471      -0.206242      -0.219694      -0.231791      -0.243140      -0.254659      -0.265941      -0.276966      -0.287741      -0.298371      -0.308987      -0.319538      -0.329926      -0.340336      -0.350672      -0.360988      -0.371381    
   0.029101       0.030668       0.032073       0.033357       0.034565       0.035691       0.036679       0.037460       0.038000       0.038306       0.038394       0.038166       0.037545       0.036460       0.034897       0.032909       0.030538       0.027830       0.024805       0.021463       0.017852       0.014013       0.009961       0.005746       0.001310      -0.003364      -0.008281      -0.013439      -0.018832      -0.024455      -0.030304      -0.036371      -0.042662      -0.049182      -0.055935      -0.062925      -0.070119      -0.077512      -0.085103      -0.092921      -0.100971      -0.109259      -0.117807      -0.126832      -0.137715      -0.150934      -0.167020      -0.184890      -0.202421      -0.218996      -0.234098      -0.247748      -0.260327      -0.272922      -0.285425      -0.297564      -0.309453      -0.321172      -0.332792      -0.344388      -0.355848      -0.367235      -0.378575      -0.389962      -0.401477      -0.413042    
   0.023849       0.025844       0.027424       0.028888       0.030258       0.031503       0.032603       0.033515       0.034174       0.034558       0.034695       0.034584       0.034105       0.033169       0.031708       0.029749       0.027365       0.024579       0.021399       0.017895       0.014121       0.010092       0.005864       0.001400      -0.003337      -0.008355      -0.013647      -0.019206      -0.025027      -0.031100      -0.037421      -0.043987      -0.050808      -0.057884      -0.065229      -0.072809      -0.080610      -0.088629      -0.096874      -0.105381      -0.114145      -0.123192      -0.132520      -0.143127      -0.156351      -0.172502      -0.191731      -0.211060      -0.229583      -0.246592      -0.261880      -0.275850      -0.289416      -0.303222      -0.316564      -0.329639      -0.342446      -0.355197      -0.367856      -0.380393      -0.392880      -0.405257      -0.417737      -0.430199      -0.442843      -0.455692    
   0.018286       0.020842       0.022920       0.024630       0.026150       0.027520       0.028730       0.029753       0.030525       0.030995       0.031172       0.031113       0.030761       0.029963       0.028614       0.026701       0.024257       0.021343       0.018028       0.014379       0.010425       0.006221       0.001770      -0.002991      -0.008075      -0.013473      -0.019173      -0.025167      -0.031447      -0.038007      -0.044838      -0.051946      -0.059338      -0.067026      -0.074990      -0.083199      -0.091650      -0.100339      -0.109296      -0.118541      -0.128080      -0.137926      -0.148315      -0.161141      -0.177095      -0.196897      -0.218107      -0.238749      -0.257978      -0.275153      -0.290768      -0.305684      -0.320607      -0.335279      -0.349614      -0.363669      -0.377521      -0.391326      -0.405023      -0.418676      -0.432246      -0.445780      -0.459336      -0.473110      -0.487020      -0.501247    
   0.012125       0.015430       0.018193       0.020342       0.022105       0.023607       0.024931       0.026053       0.026931       0.027493       0.027740       0.027706       0.027434       0.026777       0.025522       0.023610       0.021105       0.018095       0.014666       0.010869       0.006759       0.002379      -0.002345      -0.007435      -0.012882      -0.018670      -0.024791      -0.031233      -0.037987      -0.045046      -0.052404      -0.060077      -0.068064      -0.076375      -0.084963      -0.093817      -0.102933      -0.112312      -0.122005      -0.132014      -0.142364      -0.153035      -0.165064      -0.180488      -0.199798      -0.222621      -0.245349      -0.266962      -0.286370      -0.303737      -0.320184      -0.336192      -0.352360      -0.368108      -0.383399      -0.398433      -0.413463      -0.428363      -0.443217      -0.457972      -0.472659      -0.487397      -0.502211      -0.517168      -0.532541      -0.548124    
   0.005874       0.009716       0.013117       0.015991       0.018127       0.019846       0.021289       0.022511       0.023493       0.024166       0.024486       0.024498       0.024244       0.023643       0.022464       0.020562       0.018006       0.014910       0.011362       0.007422       0.003163      -0.001462      -0.006503      -0.011947      -0.017780      -0.023986      -0.030554      -0.037470      -0.044727      -0.052318      -0.060241      -0.068510      -0.077135      -0.086086      -0.095331      -0.104863      -0.114679      -0.124797      -0.135270      -0.146095      -0.157286      -0.168963      -0.183248      -0.201694      -0.224851      -0.249704      -0.273782      -0.295878      -0.315489      -0.333517      -0.350910      -0.368273      -0.385558      -0.402331      -0.418691      -0.434923      -0.451062      -0.467181      -0.483155      -0.499132      -0.515044      -0.531006      -0.547169      -0.563454      -0.580311      -0.597331    


